0.568044561093932
0.925596638292661
0.071036058197887
0.087129299701541
0.020218397440326
0.832619845547938
0.778156750949850
0.870012148246819
0.978618342232764
0.799158564216724
0.461479362252932
0.780529176286455
0.118274425868933
0.639921021327524
0.143353287409046
0.944668917049584
0.521848321750072
0.414661939990524
0.264555612104627
0.774233689434217
0.456150332216549
0.568433948868649
0.018789800436355
0.617635497075877
0.612095722722421
0.616933996874757
0.943748078514624
0.681820299103483
0.359507900573786
0.437031953799341
0.697631195927265
0.060225471629270
0.666766715445668
0.670637869618159
0.210382561073841
0.128926297654853
0.315428350924184
0.363710770942623
0.570196770417880
0.438601513462320
0.988373838059226
0.102044810748028
0.208876756094835
0.161309517884996
0.653108325465398
0.253291602539782
0.466310772856306
0.244425592001603
0.158969583645520
0.110375141164305
0.656329589465273
0.138182951348614
0.196582361680054
0.368725170660964
0.820993229847935
0.097101275793061
0.837944907498804
0.096098407893963
0.976459465013396
0.468651201647702
0.976761088190337
0.604845519745046
0.739263579398302
0.039187792254321
0.282806962576410
0.120196561213169
0.296140197522145
0.118727718954244
0.317983179393976
0.414262994514670
0.064147496348784
0.692472119370020
0.566601454206575
0.265389490939445
0.523248053466700
0.093940510758442
0.575946495556179
0.929296197576214
0.318568952451324
0.667410379963682
0.131797862404392
0.716327204118566
0.289406092947201
0.183191362007117
0.586512934810083
0.020107546187494
0.828940029217363
0.004695476192547
0.677816536796230
0.270007973192165
0.735194022122595
0.962188545117438
0.248753143519958
0.576157334417837
0.592041931271839
0.572251905790873
0.223081632640618
0.952749011516985
0.447125378617627
0.846408672471128
0.699479275317504
0.297436950855134
0.813797819702477
0.396505740846985
0.881103197111162
0.581272872635859
0.881735361854853
0.692531590077766
0.725254279819641
0.501324381926702
0.956083634723224
0.643990199229637
0.423855048558180
0.606393214127924
0.019193198309334
0.301574816674549
0.660173537492685
0.290077607210444
0.618015428998842
0.428768700945766
0.135474064222450
0.298282325956031
0.569964910701265
0.590872761248173
0.574325248849579
0.653200819857134
0.652103270001689
0.431418435433974
0.896546595851063
0.367561870047897
0.435864925265627
0.891923355015672
0.806193989046086
0.703888583540366
0.100226887312301
0.919482613744674
0.714241299549111
0.998847006567867
0.149448304657994
0.868126057368214
0.162492934676375
0.615559564283844
0.123819982849442
0.848008229322234
0.807318958725011
0.569100738614593
0.407183297226000
0.069166995455138
0.697428773144564
0.453542682678069
0.722055599470348
0.866382325928629
0.975521505002886
0.855803342392611
0.011714084185002
0.359978064478364
0.729990562424058
0.171629677261441
0.521036606204129
0.054337988339254
0.199996524896400
0.018521794460614
0.793697703357421
0.223924688060380
0.345351680696903
0.928081293465591
0.704414401923533
0.031838929531308
0.164694156497913
0.621478401499764
0.577228588604168
0.237892821374509
0.934213997924794
0.613965955965896
0.535632803024958
0.589909976354571
0.730122029516770
0.311944995479602
0.398221062216092
0.209843748975122
0.186193005880336
0.944372389983934
0.739550795049288
0.490458808617567
0.227414627973323
0.254356481770393
0.058029160323876
0.434416625558121
0.311795881994103
0.696343488815459
0.377751839292481
0.179603677559635
0.024678728391331
0.067249631463249
0.679392773498567
0.453696844556045
0.536579211108722
0.896671293040342
0.990338947396704
0.216896984398474
0.663078203100101
0.263322376737151
0.020650999465729
0.758378653836141
0.320017150822468
0.383463894171898
0.588317113553606
0.831048455236190
0.628981843591149
0.872650655447395
0.273542034815636
0.798046833912564
0.185635944305952
0.952791656971945
0.687488276387815
0.215507677113558
0.947370590488924
0.730855806770158
0.253941642595026
0.213311977367482
0.518200713930663
0.025662718054532
0.207470075441109
0.424685468751506
0.374169980334226
0.463575424364811
0.277628706294732
0.586784346458169
0.863855605923231
0.117531855962033
0.517379107154114
0.132068106345153
0.716859681192594
0.396059702807294
0.565421311858509
0.183279836214079
0.144847759343377
0.488056280648955
0.355612737849956
0.940431945252813
0.765325253806965
0.748663619850547
0.903719739745933
0.083422435442019
0.552192469922407
0.584476068955769
0.961936378547229
0.292147526792549
0.240828779915447
0.100293942265498
0.016429629591474
0.929529316792191
0.669916546590910
0.785152912023138
0.281730105753949
0.586410166186327
0.063955266120981
0.485627595934623
0.977495139744447
0.876505245316591
0.338158951836846
0.961570154541499
0.231701626471205
0.949318822415681
0.941377704706499
0.799202587352392
0.630447936866791
0.874287966624947
0.293020284507797
0.848943555312918
0.617876691917524
0.013236857758899
0.347233517932220
0.148140860948165
0.981829389818253
0.478370307039988
0.497391365498663
0.639472516398724
0.368584606129618
0.136900271685599
0.822117733194246
0.189847911902758
0.511318982546456
0.224317028974739
0.097844484494034
0.862191517421683
0.972919489023130
0.960834658063000
0.906555499221179
0.774047332698639
0.333145152028642
0.081101389987997
0.407241171413807
0.232234142170943
0.132487634757983
0.053427181786825
0.725594364210579
0.011427458625031
0.770580748502776
0.146946645400375
0.079522082586756
0.089603034238605
0.672047807353914
0.245367209852845
0.420539466680098
0.557368791323917
0.860551173828794
0.727044262711328
0.270327905238715
0.131482799291128
0.055374320421198
0.301598634480942
0.262118149239678
0.456140566800480
0.683281335547680
0.695625445638857
0.283518846582167
0.379926955900120
0.181150961736903
0.788545512306519
0.056848076433240
0.696997241724987
0.778695395941103
0.777407561848753
0.259422564345355
0.373813137932561
0.587599635196389
0.272821902424467
0.370852799217889
0.197054280185640
0.459855883756007
0.044612301254114
0.799795884570618
0.076956446986633
0.518835148831526
0.306810099545196
0.577542948831375
0.959433340833425
0.645570244456004
0.035362435755491
0.430402439508061
0.510016852318250
0.536177494703452
0.681392510603838
0.277596097731766
0.128860565466320
0.392675676547094
0.956405722795949
0.187130891750845
0.903983954928237
0.543805950077326
0.456911421645766
0.882041410229890
0.458603961768586
0.724167636611543
0.399025321703102
0.904044392900958
0.690025020191227
0.699622054250517
0.327720401557119
0.756778642736889
0.636061055447141
0.240020273379710
0.160538822485256
0.796391474517332
0.959166603035223
0.458138827260043
0.590984165323685
0.857722644193555
0.457223453353857
0.951874476832736
0.575751162044872
0.820767120701315
0.908843718412738
0.815523818768569
0.159414463448956
0.628898439061700
0.398434258619677
0.062712952023346
0.424032251889842
0.258684066889408
0.849038308428511
0.033304626546696
0.958982721863474
0.355368848471930
0.356706890402543
0.016328502683708
0.185232325236184
0.401259500803609
0.929291417302714
0.099614930221271
0.945301533479080
0.869488530546632
0.454162396907552
0.326700881768260
0.232744129279057
0.614464706476874
0.033074591475506
0.015606064446828
0.428795722498238
0.068074073974720
0.251940988246093
0.221160915346084
0.253191193722852
0.131055231215258
0.012036222897654
0.115484297138748
0.618480259512748
0.974256212818050
0.990345001560894
0.409054095373062
0.162954426046605
0.638761757366529
0.490305346548737
0.989409777284431
0.065304207151780
0.783234438313813
0.288398497331494
0.241418620076574
0.662504571532676
0.246063184990964
0.665859117559188
0.517308517202289
0.424088988435849
0.554687808661419
0.287051519919630
0.706574706272979
0.414856869333564
0.360545560485892
0.828656914555738
0.924966911953192
0.046007310887297
0.232626992829766
0.348519369492563
0.814966479370247
0.985491427643298
0.968971704670352
0.904948345549927
0.296556265064030
0.992011243414474
0.249420041056451
0.105906154882232
0.950952611055394
0.233420255468096
0.689768265077750
0.058356358980589
0.730709099127476
0.881720212333840
0.272436895465963
0.379056896077429
0.374296183320916
0.748788257540133
0.237807242539039
0.171853099047643
0.449291648687738
0.304468407377320
0.839189122258652
0.237741826015639
0.502389457489261
0.942583599697930
0.633997697744661
0.867289405462465
0.940209689354767
0.750764861886352
0.699575060224751
0.967965566604227
0.994400789647679
0.451821682669760
0.070869778184208
0.292794031440519
0.152354705687730
0.417486374796012
0.131289328473256
0.604117804020882
0.382808059157854
0.895385884288210
0.967794671798502
0.546884901669422
0.274823569867597
0.592230418761837
0.896761158224410
0.406733345835748
0.552078276691971
0.271652767606146
0.455444149450027
0.401713535379599
0.248413465082971
0.505866383825308
0.310380825979811
0.373034863880747
0.524970442254264
0.750595022928988
0.333507465791275
0.924158766620764
0.862318546835902
0.048690295975529
0.253642524256823
0.446135512659202
0.104627888742474
0.348475989033497
0.740097525617682
0.680514481142826
0.622384428566005
0.710528402722346
0.204923686959702
0.341698114864732
0.676242482277463
0.879234763031327
0.543678053828095
0.282699650945537
0.030235258005983
0.710336828974213
0.007884103508440
0.372679069820996
0.530537214562782
0.922111461767193
0.089494545032900
0.405942321968284
0.024313199710158
0.342610984341590
0.622231058839795
0.279067948228598
0.209749949655635
0.115703233327094
0.577140244020342
0.695270005904686
0.671957140595822
0.948861020720507
0.002703213893503
0.647196653894036
0.600392237097640
0.588739609970288
0.962770319840242
0.016871673370040
0.696482430701450
0.813678649701863
0.509807196621584
0.333964869596809
0.790840163227405
0.097242925632425
0.442035637729925
0.519952374570838
0.693956410934548
0.090885732032409
0.227759501537861
0.410301562690126
0.623294673020131
0.886960781217418
0.618826168241376
0.133461470934934
0.980580132787282
0.871785734755493
0.502720761145324
0.922347981796633
0.541380793757136
0.923306067889163
0.829897368603343
0.968286410294297
0.919782810778158
0.036033817428569
0.174772004160940
0.389134677101186
0.952142697295421
0.300028919475930
0.160467643887601
0.886304666086560
0.446394415483203
0.907875594354326
0.160230466320143
0.661117511508100
0.440263752829492
0.076486769030285
0.696463144652501
0.247398755539154
0.039615522579518
0.059944298249573
0.061078537066787
0.907732957485039
0.739883917829101
0.898062357213735
0.672582311296521
0.528939929030883
0.304446364347378
0.997962251328673
0.362189058939389
0.470648949213910
0.378245174923462
0.979526929335459
0.174658385395006
0.327988000908080
0.680348666015002
0.063207618338631
0.607249374011541
0.477646502876416
0.283999976762101
0.238413280924058
0.514512743298757
0.367927580537041
0.456519891262655
0.337477381764240
0.970493693595978
0.133439431745604
0.096803953178374
0.343391728790916
0.591026900870491
0.659176471850028
0.397256747168042
0.999277993922171
0.351892996193043
0.721406667959952
0.637582694530793
0.813053863247461
0.976225663453820
0.889793656445540
0.764561974357709
0.698248477818291
0.335498169675900
0.147685578206707
0.062636003059810
0.241901704201485
0.432281481181299
0.521996273629982
0.773083554054872
0.958740923056593
0.117320480384811
0.107004140193792
0.589694723013551
0.745398073947293
0.848150380346985
0.935832080216789
0.983426242260642
0.399801692224526
0.380335183527573
0.147808676697272
0.684934438683559
0.656761958440837
0.862062595851207
0.097257994787641
0.497776907825342
0.581081929672063
0.241557040039918
0.169025406129161
0.859580836419621
0.058534922235559
0.470620903918073
0.115834001300885
0.457058761331367
0.979962326342309
0.423706353455473
0.857124917504567
0.117315564183194
0.271252076761864
0.403792740667335
0.399812140009331
0.671383478670153
0.344718127375508
0.713766868410016
0.639186899225393
0.399161145254773
0.431760127654319
0.614527699810321
0.070042190144645
0.822406738355690
0.653421161113637
0.726342464417835
0.536923001082390
0.110477110991745
0.405035613296950
0.405373582848556
0.321042990043217
0.029950324904749
0.737254242596477
0.109784458062501
0.606308133045085
0.703217496467216
0.634786322933695
0.959142251977975
0.103298155085139
0.867167159105199
0.029190234848913
0.534916854927084
0.404243617939259
0.524183860393758
0.365099877060010
0.190566914940068
0.019122897448690
0.518149813791174
0.842776862684842
0.373215955744794
0.222863818014980
0.080532003471844
0.085310923118703
0.221396446292772
0.100014060921555
0.265039698364482
0.066149462116955
0.065604867209926
0.856276179622782
0.162120260708833
0.559682405823448
0.773455544449031
0.456409565339067
0.153368877859346
0.199596142120114
0.432984206281181
0.528234089178536
0.349440292048535
0.781479600234661
0.751021648856398
0.927211807373118
0.028952549026961
0.895691291210203
0.392568788462151
0.878372495379994
0.690784776156530
0.987348757073968
0.759282451716668
0.364544625996787
0.501063172834752
0.376389155194351
0.364911836021238
0.260904499381060
0.495970295373470
0.681739945069361
0.277340271305244
0.524379811077220
0.117380294170557
0.159845286854191
0.046806354712189
0.970731442770633
0.003860351510261
0.178579968057656
0.612866753116992
0.081369598853305
0.881896503096832
0.719620157842288
0.966389971437893
0.507635547240765
0.300403683158487
0.549500572795271
0.930818717297973
0.520761437241861
0.267207031862319
0.877398789174120
0.371918748512461
0.001383349998999
0.247685022492316
0.318233509177062
0.858777468231902
0.458503167066445
0.444587287811301
0.336102266399887
0.880678123047080
0.945026776940391
0.991890329154629
0.376741266960987
0.966147445627171
0.791879569630901
0.675689147644267
0.244889479420099
0.216457260944210
0.166047824521246
0.922756610225365
0.294076662383166
0.453094245448878
0.493957833987223
0.778171595450254
0.844234961553024
0.139072701148613
0.426904360211074
0.842854887835457
0.818033305755838
0.102413758452416
0.156383348867963
0.304198691599408
0.075359069083340
0.424663002840593
0.107617705149582
0.568217593669845
0.246556939811156
0.596433065349623
0.117525642903638
0.975883868418533
0.932561203857340
0.391796938564666
0.242178594126085
0.250398212853573
0.483393535202392
0.039992801900717
0.639705106075127
0.408302908339745
0.377406572588887
0.809364971489198
0.709035460183290
0.954333815392692
0.351936240495691
0.897542764649406
0.769967186250089
0.357424651594713
0.621665436453258
0.288569957651696
0.874399917074842
0.112427317212311
0.212434361294041
0.183033292079921
0.403026002404289
0.745232960032129
0.526907449052180
0.487676323538208
0.000545964896996
